8442526703841046
1228848979253367
6242872919495143
5706600316677151
4964611941442617
9690205556425336
0442657477896115
8497779071964885
8042770035532573
8172999220657299
2420221600804474
0584957433309131
8620865129518209
9877462205573688
7950686936588218
5488888103289353
6913712472416881
5158246573531916
3719408772321756
1927596006779531
2948633117586745
1125911876344225
4265555136215584
6154549671897494
0635736285220755
7861313657833358
4190722349223378 
6932487850005506
4544402105124828
9708539917802349

