0442657477896115
0584957433309131
0635736285220755
1125911876344225
1927596006779531
2420221600804474
2895610333064592
2948633117586745
3719408772321756
4190722349223378
4265555136215584
4544402105124828
4964611941442617
5158246573531916
5706600316677151
6154549671897494
6242872919495143
6913712472416881
6932487850005506
7861313657833358
7950686936588218
8042770035532573
8172999220657299
8442526703841046
8497779071964885
8620865129518209
9690205556425336
9708539917802349
9877462205573688
JFFTTOMMY
okokoko1~3
已驗證有在刷 更新日期(15/3/20025)