0442657477896115
0584957433309131
1125911876344225
1927596006779531
2006669421756206
2753944935991893
3719408772321756
4099833451975466
4190722349223378
4265555136215584
4360033217175047
4465941963498806
4544402105124828
5733764165641469
6154549671897494
6242872919495143
6455867576344089
6672753013974460
6913712472416881
6932487850005506
7852358939387087
7861313657833358
7950686936588218
8172999220657299
8442526703841046
8497779071964885
8620865129518209
9690205556425336
9877462205573688
5706600316677151